3557
696 673 244 843 330 266 767 459 459 0 695 696 112 384 401 800 937 608 704 850 317 503 833 673 696 680 315 917 315 323 691 691 658 232 330 909 530 975 50 696 232 469 469 860 696 158 317 329 39 691 536 481 112 162 905 767 632 39 833 673 227 317 182 658 154 369 958 909 696 459 459 843 730 833 459 680 89 804 860 266 730 232 804 833 804 158 329 227 860 232 536 343 975 695 804 608 162 530 804 367 266 481 658 89 317 573 626 407 39 329 573 909 975 800 89 192 646 905 850 909 680 696 958 158 369 691 691 158 89 50 517 689 876 96 89 704 909 915 182 343 658 401 192 695 367 69 503 792 673 975 975 860 232 227 658 696 0 739 343 632 192 317 696 50 804 158 696 89 909 0 161 696 696 689 695 730 0 469 517 767 689 458 975 937 266 792 792 458 646 608 89 948 517 691 905 909 958 162 804 850 975 784 626 459 192 0 792 407 905 646 909 909 50 29 29 948 39 975 804 69 89 161 143 876 0 205 592 407 739 975 850 459 158 730 860 792 860 937 29 39 192 39 0 162 909 69 546 695 975 642 734 39 357 695 958 50 192 192 227 608 937 39 730 937 329 1
3000


14
68 87
81 85
62 76
66 85
47 53
4 65
82 96
23 92
10 62
33 84
21 42
43 70
9 50
58 92


6
1 3
3 5
4 6
5 6
2 4
7 10


4
7 8
7 8
2 3
6 10


8
a 4 0
a 8 0
a 9 0
a 20 0
a 1 0
a 5 0
a 3 0
a 10 0



5
alla 0 0
gena 1 0
gosha 2 0
rita 3 0
timofey 4 0

8
a 5 10
b 8 0
c 9 0
d 20 0
e 5 10
f 5 10
g 5 5
h 10 0



0 2 5 6 7 8 9 10

5
4
8 10 0 2 4

3
8
3 6 7




4
8
9 1 3 8
